cam0:
  cam_overlaps: []
  camera_model: pinhole
  distortion_coeffs: [-0.3912, 0.1596, 0, 0]
  distortion_model: radtan
  intrinsics: [254.0080, 253.9810, 173.8548, 121.3664]
  resolution: [346, 260]
  rostopic: /iamge_raw
